
==================================================
RandomForest — Accuracy: 0.9973 — Train time: 17.70s
==================================================
[[160   0   0   0   0   0   0   0   0   0   0   0   0   0   0   0   0   0
    0   0]
 [  0 160   0   0   0   0   0   0   0   0   0   0   0   0   0   0   0   0
    0   0]
 [  0   0  40   0   0   0   0   0   0   0   0   0   0   0   0   0   0   0
    0   0]
 [  0   0   0 160   0   0   0   0   0   0   0   0   0   0   0   0   0   0
    0   0]
 [  0   0   0   0 160   0   0   0   0   0   0   0   0   0   0   0   0   0
    0   0]
 [  0   0   0   0   0 158   0   0   0   0   0   0   0   2   0   0   0   0
    0   0]
 [  0   0   0   0   0   0 160   0   0   0   0   0   0   0   0   0   0   0
    0   0]
 [  0   0   0   0   0   0   0 160   0   0   0   0   0   0   0   0   0   0
    0   0]
 [  0   0   0   0   0   0   0   0 160   0   0   0   0   0   0   0   0   0
    0   0]
 [  0   0   0   0   0   0   0   0   0 157   3   0   0   0   0   0   0   0
    0   0]
 [  0   0   0   0   0   0   0   0   0   1 159   0   0   0   0   0   0   0
    0   0]
 [  0   0   0   1   0   0   0   0   0   0   0 159   0   0   0   0   0   0
    0   0]
 [  0   0   0   0   0   0   0   0   0   0   0   0 160   0   0   0   0   0
    0   0]
 [  0   0   0   0   0   0   0   0   0   0   0   0   0 160   0   0   0   0
    0   0]
 [  0   0   0   1   0   0   0   0   0   0   0   0   0   0 159   0   0   0
    0   0]
 [  0   0   0   0   0   0   0   0   0   0   0   0   0   0   0 160   0   0
    0   0]
 [  0   0   0   0   0   0   0   0   0   0   0   0   0   0   0   0 160   0
    0   0]
 [  0   0   0   0   0   0   0   0   0   0   0   0   0   0   0   0   0  40
    0   0]
 [  0   0   0   0   0   0   0   0   0   0   0   0   0   0   0   0   0   0
  160   0]
 [  0   0   0   0   0   0   0   0   0   0   0   0   0   0   0   0   0   0
    0 160]]
              precision    recall  f1-score   support

         BAD       1.00      1.00      1.00       160
         EAT       1.00      1.00      1.00       160
      FRIEND       1.00      1.00      1.00        40
        GOOD       0.99      1.00      0.99       160
       HELLO       1.00      1.00      1.00       160
        HELP       1.00      0.99      0.99       160
         HOW       1.00      1.00      1.00       160
           I       1.00      1.00      1.00       160
        LOVE       1.00      1.00      1.00       160
        NAME       0.99      0.98      0.99       160
          NO       0.98      0.99      0.99       160
      PLEASE       1.00      0.99      1.00       160
       SORRY       1.00      1.00      1.00       160
        STOP       0.99      1.00      0.99       160
    THANKYOU       1.00      0.99      1.00       160
       WATER       1.00      1.00      1.00       160
        WHAT       1.00      1.00      1.00       160
       WHERE       1.00      1.00      1.00        40
         YES       1.00      1.00      1.00       160
         YOU       1.00      1.00      1.00       160

    accuracy                           1.00      2960
   macro avg       1.00      1.00      1.00      2960
weighted avg       1.00      1.00      1.00      2960


==================================================
SVM — Accuracy: 0.9953 — Train time: 8.23s
==================================================
[[160   0   0   0   0   0   0   0   0   0   0   0   0   0   0   0   0   0
    0   0]
 [  0 160   0   0   0   0   0   0   0   0   0   0   0   0   0   0   0   0
    0   0]
 [  0   0  40   0   0   0   0   0   0   0   0   0   0   0   0   0   0   0
    0   0]
 [  0   0   0 160   0   0   0   0   0   0   0   0   0   0   0   0   0   0
    0   0]
 [  0   0   0   0 160   0   0   0   0   0   0   0   0   0   0   0   0   0
    0   0]
 [  0   0   0   0   0 154   0   0   0   0   0   0   0   6   0   0   0   0
    0   0]
 [  0   0   0   0   0   0 160   0   0   0   0   0   0   0   0   0   0   0
    0   0]
 [  0   0   0   0   0   0   0 160   0   0   0   0   0   0   0   0   0   0
    0   0]
 [  0   1   0   0   0   0   0   0 159   0   0   0   0   0   0   0   0   0
    0   0]
 [  0   0   0   0   0   0   0   0   0 160   0   0   0   0   0   0   0   0
    0   0]
 [  0   0   0   0   0   0   0   0   0   3 157   0   0   0   0   0   0   0
    0   0]
 [  0   0   0   0   0   0   0   0   0   0   0 160   0   0   0   0   0   0
    0   0]
 [  0   0   0   0   0   0   0   0   2   0   0   0 158   0   0   0   0   0
    0   0]
 [  0   0   0   0   0   0   0   0   0   0   0   0   0 160   0   0   0   0
    0   0]
 [  0   0   0   0   0   0   0   0   0   0   0   0   0   0 160   0   0   0
    0   0]
 [  0   0   0   0   0   0   0   0   0   0   0   0   0   0   0 160   0   0
    0   0]
 [  0   0   0   0   0   0   0   0   0   0   0   0   0   0   0   2 158   0
    0   0]
 [  0   0   0   0   0   0   0   0   0   0   0   0   0   0   0   0   0  40
    0   0]
 [  0   0   0   0   0   0   0   0   0   0   0   0   0   0   0   0   0   0
  160   0]
 [  0   0   0   0   0   0   0   0   0   0   0   0   0   0   0   0   0   0
    0 160]]
              precision    recall  f1-score   support

         BAD       1.00      1.00      1.00       160
         EAT       0.99      1.00      1.00       160
      FRIEND       1.00      1.00      1.00        40
        GOOD       1.00      1.00      1.00       160
       HELLO       1.00      1.00      1.00       160
        HELP       1.00      0.96      0.98       160
         HOW       1.00      1.00      1.00       160
           I       1.00      1.00      1.00       160
        LOVE       0.99      0.99      0.99       160
        NAME       0.98      1.00      0.99       160
          NO       1.00      0.98      0.99       160
      PLEASE       1.00      1.00      1.00       160
       SORRY       1.00      0.99      0.99       160
        STOP       0.96      1.00      0.98       160
    THANKYOU       1.00      1.00      1.00       160
       WATER       0.99      1.00      0.99       160
        WHAT       1.00      0.99      0.99       160
       WHERE       1.00      1.00      1.00        40
         YES       1.00      1.00      1.00       160
         YOU       1.00      1.00      1.00       160

    accuracy                           1.00      2960
   macro avg       1.00      1.00      1.00      2960
weighted avg       1.00      1.00      1.00      2960


==================================================
NeuralNet (MLP) — Accuracy: 0.9997 — Train time: 13.53s
==================================================
[[160   0   0   0   0   0   0   0   0   0   0   0   0   0   0   0   0   0
    0   0]
 [  0 160   0   0   0   0   0   0   0   0   0   0   0   0   0   0   0   0
    0   0]
 [  0   0  40   0   0   0   0   0   0   0   0   0   0   0   0   0   0   0
    0   0]
 [  0   0   0 160   0   0   0   0   0   0   0   0   0   0   0   0   0   0
    0   0]
 [  0   0   0   0 160   0   0   0   0   0   0   0   0   0   0   0   0   0
    0   0]
 [  0   0   0   0   0 159   0   0   0   0   0   0   0   1   0   0   0   0
    0   0]
 [  0   0   0   0   0   0 160   0   0   0   0   0   0   0   0   0   0   0
    0   0]
 [  0   0   0   0   0   0   0 160   0   0   0   0   0   0   0   0   0   0
    0   0]
 [  0   0   0   0   0   0   0   0 160   0   0   0   0   0   0   0   0   0
    0   0]
 [  0   0   0   0   0   0   0   0   0 160   0   0   0   0   0   0   0   0
    0   0]
 [  0   0   0   0   0   0   0   0   0   0 160   0   0   0   0   0   0   0
    0   0]
 [  0   0   0   0   0   0   0   0   0   0   0 160   0   0   0   0   0   0
    0   0]
 [  0   0   0   0   0   0   0   0   0   0   0   0 160   0   0   0   0   0
    0   0]
 [  0   0   0   0   0   0   0   0   0   0   0   0   0 160   0   0   0   0
    0   0]
 [  0   0   0   0   0   0   0   0   0   0   0   0   0   0 160   0   0   0
    0   0]
 [  0   0   0   0   0   0   0   0   0   0   0   0   0   0   0 160   0   0
    0   0]
 [  0   0   0   0   0   0   0   0   0   0   0   0   0   0   0   0 160   0
    0   0]
 [  0   0   0   0   0   0   0   0   0   0   0   0   0   0   0   0   0  40
    0   0]
 [  0   0   0   0   0   0   0   0   0   0   0   0   0   0   0   0   0   0
  160   0]
 [  0   0   0   0   0   0   0   0   0   0   0   0   0   0   0   0   0   0
    0 160]]
              precision    recall  f1-score   support

         BAD       1.00      1.00      1.00       160
         EAT       1.00      1.00      1.00       160
      FRIEND       1.00      1.00      1.00        40
        GOOD       1.00      1.00      1.00       160
       HELLO       1.00      1.00      1.00       160
        HELP       1.00      0.99      1.00       160
         HOW       1.00      1.00      1.00       160
           I       1.00      1.00      1.00       160
        LOVE       1.00      1.00      1.00       160
        NAME       1.00      1.00      1.00       160
          NO       1.00      1.00      1.00       160
      PLEASE       1.00      1.00      1.00       160
       SORRY       1.00      1.00      1.00       160
        STOP       0.99      1.00      1.00       160
    THANKYOU       1.00      1.00      1.00       160
       WATER       1.00      1.00      1.00       160
        WHAT       1.00      1.00      1.00       160
       WHERE       1.00      1.00      1.00        40
         YES       1.00      1.00      1.00       160
         YOU       1.00      1.00      1.00       160

    accuracy                           1.00      2960
   macro avg       1.00      1.00      1.00      2960
weighted avg       1.00      1.00      1.00      2960
